33,52
33,51
33,50
33,49
33,48
33,47
33,46
33,45
33,44
33,43
33,42
33,41
33,40
33,39
33,38
33,37
33,36
33,35
0,444
45,3
45,2
45,1
45,0
44,5
0,443
44,4
44,3
44,2
44,1
44,0
0,442
0,441
0,440
0,439
43,4
0,438
0,437
0,436
43,3
43,2
0,435
43,1
43,0
0,434
0,433
0,432
0,431
0,430
0,429
0,428
0,427
0,426
0,425
42,3
42,2
0,424
42,1
42,0
0,423
0,422
41,3
41,2
0,421
41,1
41,0
0,420
0,419
0,418
0,417
40,4
0,416
0,415
0,414
40,3
40,2
0,413
40,1
40,0
0,412
0,411
0,410
0,409
0,408
0,407
0,406
0,405
0,404
0,403
0,402
0,401
0,400
0,399
0,398
0,397
0,396
0,395
0,394
0,393
0,392
0,391
0,390
39,5
0,389
0,388
